6
0
16
-17
17
2
-15
-4
7
11
22
-5
5
-4
17
-18
-6
6
6
-1
3
-1
-10
7
-15
-3
1
13
6
-8
-5
3
-5
-18
-3
6
3
-11
-27
16
-9
-11
-3
6
7
7
11
14
-2
-1
9
14
-5
16
0
-8
28
-13
-18
-4
14
11
-13
-9
2
7
0
8
-10
-20
-17
14
-5
0
9
-4
-12
-26
-3
7
18
20
0
-2
13
-12
-4
-2
14
-15
20
10
-16
-5
-4
1
-8
8
16
0
40
7
1
-7
19
-22
4
4
-6
-7
14
2
-7
0
11
20
14
-4
-12
2
-11
-9
-5
-8
13
3
6
10
-1
19
27
0
-1
1
-27
-8
-5
8
-29
7
8
-9
-10
-7
0
3
-5
18
4
-7
-11
-12
10
-4
-7
0
-8
-2
4
-5
-2
8
-4
21
-9
-9
1
-12
7
21
3
-4
7
5
-10
-9
14
-2
10
-26
1
-9
13
8
-7
-19
-3
8
0
-2
0
9
4
-14
16
-9
6
9
-4
0
11
0
8
23
-12
5
17
-16
-11
7
2
-11
3
-6
-16
-23
12
13
-9
-10
2
-12
9
3
-9
13
8
-1
11
-14
-19
2
-3
-12
-4
-15
1
-21
19
18
-1
3
9
13
3
15
9
-25
-4
3
7
-4
15
5
2
-6
